360
360
360
360
360
359
359
359
359
359
358
356
351
342
332
321
310
298
285
273
261
248
236
223
210
197
184
173
161
149
138
128
118
110
103
96
91
87
85
83
85
88
92
98
105
113
122
132
143
155
166
178
191
203
215
227
241
253
267
279
292
304
316
327
337
346
354
357
358
359
360
360
360
360
360
360
360
359
359
359
359
358
356
351
342
332
321
309
297
285
273
260
247
234
221
208
196
184
172
160
149
138
128
117
109
102
96
91
87
85
83
85
88
93
98
106
114
123
133
144
156
167
179
191
203
216
229
242
255
268
280
292
305
316
327
337
346
354
357
358
359
360
360
360
360
360
360
360
360
359
359
359
358
358
356
349
340
326
312
296
285
273
260
243
231
218
201
184
169
157
147
133
123
114
107
100
94
90
86
84
83
85
89
93
99
106
114
123
133
143
154
168
183
194
206
219
231
244
257
270
282
294
305
317
327
337
347
354
357
358
359
360
360
360
360
360
360
360
360
359
359
359
358
357
352
342
332
321
310
299
287
275
263
250
238
225
212
197
182
170
158
143
129
120
112
104
98
91
87
84
84
86
90
95
101
111
122
132
145
156
168
179
191
203
215
232
245
258
276
288
304
315
326
336
348
355
357
359
359
360
360
360
360
360
360
360
359
359
358
357
352
341
328
316
302
286
273
258
241
223
208
192
175
161
150
139
128
119
111
103
97
92
88
85
84
84
88
94
100
107
115
124
134
145
159
171
183
198
210
223
235
248
265
278
290
302
313
324
335
344
352
357
359
359
360
360
360
360
360
360
360
359
359
359
358
358
356
350
336
326
315
299
287
275
263
250
231
213
200
188
176
161
150
135
125
116
108
101
95
90
86
84
83
86
89
94
101
109
117
128
141
151
163
174
186
198
211
223
240
253
266
278
291
303
314
325
336
346
354
357
359
359
360
360
360
360
360
360
360
359
359
359
358
358
357
351
342
332
322
311
298
286
273
260
247
234
221
209
196
184
172
161
150
139
129
120
111
103
97
92
88
85
84
85
88
93
98
105
114
123
133
144
155
166
178
190
202
215
227
240
252
265
278
291
303
315
326
336
345
354
357
359
359
360
360
360
360
360
360
360
359
359
359
359
358
357
353
344
335
324
312
301
290
277
264
252
239
226
212
200
187
174
163
152
141
131
121
113
105
98
93
89
86
84
84
87
91
96
102
110
119
128
140
151
162
174
186
198
210
223
235
248
262
275
287
299
311
322
332
342
351
356
358
359
360
360
360
360
360
360
360
360
359
359
359
358
357
354
345
335
324
313
301
289
277
265
252
239
226
213
201
188
177
165
152
142
132
122
114
106
99
93
88
85
84
84
87
91
96
102
110
118
128
138
150
161
173
185
197
210
222
235
247
260
273
285
298
310
321
332
342
351
356
358
359
360
360
360
360
360
361
360
360
359
359
359
359
358
356
350
340
330
319
308
295
283
271
258
245
232
219
206
194
182
169
158
146
134
124
116
108
101
95
90
86
84
83
86
89
94
100
107
115
125
135
146
157
169
181
193
206
218
231
244
257
271
283
296
308
320
331
341
350
356
358
359
360
360
360
360
360
360
360
360
359
359
359
359
358
356
349
339
329
317
305
294
280
267
254
241
228
214
202
189
177
165
152
141
131
122
113
105
98
92
88
86
84
84
86
90
95
101
109
118
127
137
148
159
171
183
196
209
221
235
248
263
276
289
301
313
324
334
345
353
357
359
359
360
360
360
360
360
360
360
359
359
359
359
359
357
353
344
334
323
313
301
289
277
265
251
238
225
212
200
187
174
161
149
138
128
118
110
102
96
91
87
85
83
85
88
92
98
105
113
122
131
141
152
163
175
187
199
211
223
236
248
261
274
286
298
309
321
331
341
351
357
358
359
359
360
360
360
361
361
360
359
359
359
359
358
357
354
345
334
324
311
300
288
276
264
251
238
225
212
199
187
175
164
152
142
131
122
113
105
99
93
89
86
84
84
87
92
97
104
112
121
131
142
152
164
176
188
200
212
225
238
251
263
276
289
301
312
323
333
343
352
357
358
359
359
360
360
360
360
360
360
359
359
359
359
359
358
356
349
340
329
318
307
296
284
272
259
246
233
221
208
195
183
170
159
148
137
126
117
109
102
95
90
87
84
83
86
89
94
100
107
115
124
134
145
155
167
179
192
204
218
230
243
256
269
281
293
304
315
326
337
347
355
358
359
359
360
360
360
361
360
360
359
359
359
359
359
358
357
353
344
335
325
314
302
