306
295
288
281
273
266
259
249
241
233
226
218
211
204
197
190
183
177
171
166
162
158
155
153
152
151
153
155
158
162
166
171
176
182
188
195
202
209
216
223
231
239
246
254
262
269
277
285
293
300
307
314
319
324
329
334
337
340
343
344
345
345
343
341
339
335
331
326
321
315
309
303
296
289
281
274
267
259
252
243
236
228
220
213
206
199
192
186
180
174
169
164
160
157
155
153
152
152
154
156
159
163
167
173
178
185
191
198
205
212
219
227
235
242
250
258
265
273
281
289
296
302
309
315
320
326
330
335
338
341
343
344
345
345
343
341
338
334
329
324
319
313
307
300
293
286
279
272
264
257
249
241
233
226
218
211
204
197
191
184
178
172
168
163
159
156
154
152
152
152
154
157
160
163
168
173
179
185
191
198
205
212
219
227
234
242
250
258
266
273
280
288
294
301
307
313
319
324
329
334
337
340
342
344
345
345
344
342
339
336
332
327
322
316
311
304
297
291
283
276
269
262
254
246
238
231
223
216
209
202
195
188
182
176
171
166
162
158
156
153
152
151
153
155
158
161
165
170
175
181
187
194
201
208
215
222
230
237
245
252
260
267
275
282
289
296
303
309
315
321
326
331
335
338
341
343
344
345
345
343
341
338
335
330
326
320
315
309
302
296
288
281
274
267
259
252
244
236
228
221
213
206
199
192
186
180
174
169
165
161
157
155
153
152
152
153
156
158
162
166
171
177
183
189
196
202
210
217
225
232
240
247
255
263
270
278
285
292
299
305
311
317
322
327
332
336
339
342
343
344
345
344
343
340
337
333
329
324
319
313
306
300
293
286
279
272
264
257
249
241
233
226
218
211
204
197
191
184
178
173
168
163
160
156
154
152
152
152
154
156
159
163
168
173
179
185
191
198
205
212
219
226
234
241
249
257
264
272
279
286
293
300
307
313
319
324
329
333
337
340
342
344
345
345
344
342
339
336
332
328
323
317
311
305
298
291
284
277
270
263
255
247
239
232
224
217
210
203
196
189
183
177
172
167
163
159
156
154
152
152
152
154
157
160
164
168
173
179
185
192
198
205
212
220
228
235
243
250
258
266
273
280
288
295
301
307
313
319
325
329
334
337
340
342
344
345
345
344
342
339
336
332
327
322
316
310
304
297
290
283
276
269
261
253
246
238
230
223
216
208
201
195
188
182
176
171
166
162
158
155
153
152
152
153
155
157
161
165
169
175
181
187
193
200
207
214
222
229
237
244
252
259
267
274
282
289
296
302
309
315
321
326
331
335
338
341
343
344
345
345
343
341
338
334
330
325
320
314
308
301
294
287
280
273
265
257
249
241
233
226
217
208
201
194
188
182
176
170
166
161
158
155
153
152
152
153
155
158
162
166
171
177
183
190
196
204
211
218
226
234
241
249
257
264
272
279
286
293
300
306
312
318
324
329
333
337
340
342
344
345
345
344
342
339
336
332
328
323
317
311
305
298
292
285
278
270
263
255
248
240
232
225
218
210
203
197
190
184
178
173
168
163
159
156
154
153
152
152
154
156
159
163
168
173
179
185
192
198
205
213
220
227
235
242
250
258
266
273
281
288
295
301
308
314
320
325
330
334
337
340
342
344
345
345
344
341
339
335
331
326
321
315
309
303
296
289
282
275
268
260
253
245
237
229
222
214
207
200
193
187
181
175
170
165
161
157
155
153
152
152
154
156
159
163
167
173
178
185
192
199
206
213
221
228
236
243
251
259
267
274
283
290
297
304
310
317
323
328
332
336
339
341
343
345
345
344
342
339
336
331
324
318
312
306
299
293
286
278
270
263
255
247
239
231
223
215
207
199
192
186
180
175
169
165
161
157
155
153
152
152
154
156
160
164
168
174
180
187
193
200
208
215
222
230
237
245
252
260
268
276
283
291
298
304
312
317
323
328
332
336
339
342
344
345
345
344
342
339
336
332
328
322
317
311
304
297
290
283
276
269
261
253
246
238
230
223
214
207
200
193
182
176
170
165
160
157
154
153
152
152
154
157
160
164
169
175
181
187
197
204
211
219
227
235
244
252
260
268
277
284
291
298
305
311
318
325
330
334
337
340
343
344
345
345
342
339
336
333
328
323
317
311
304
297
291
283
275
267
258
250
243
235
227
220
212
205
197
190
184
178
172
167
162
159
156
154
152
152
152
154
157
161
166
171
176
182
188
196
203
210
218
226
234
241
250
258
265
275
283
290
297
303
310
316
324
329
333
337
340
343
344
345
345
343
340
337
334
330
325
319
